# oST version 5.0 parameters


[image]

width
640

height
480

[narrow_stereo]

camera matrix
364.107801 0.000000 310.931270
0.000000 365.675434 234.486366
0.000000 0.000000 1.000000

distortion
-0.344358 0.086283 0.006054 -0.000653 0.000000

rectification
1.000000 0.000000 0.000000
0.000000 1.000000 0.000000
0.000000 0.000000 1.000000

projection
253.131958 0.000000 312.203811 0.000000
0.000000 297.197723 238.000143 0.000000
0.000000 0.000000 1.000000 0.000000
